0.035080435000837 0.0002461325471318596 -0.9993844618058269 -0.0017658929745442413 
-0.027655201097603044 0.9996172591842636 -0.0007245641392814432 0.0012070476773030385 
0.999001778242863 0.027663596290251877 0.035073815131616115 -0.0035007733440071747 
-0.0 0.0 -0.0 1.0 
