0.048936459294024716 0.0054985563827200075 -0.9987867584371906 -0.002603273396826328 
-0.007666045602137337 0.9999574596131354 0.00512939654052422 0.00045283769025396975 
0.998772473938179 0.0074057303319822266 0.0489765297020903 -0.002161799735294566 
-0.0 -0.0 -0.0 1.0 
